Epoch	Train loss	Train acc	Val loss	Val acc
0	0.7072603242555483	0.4998178285957807	0.7389553924301354	0.09997527187781151
1	0.6939111650239783	0.4995889634381334	0.7111057411478032	0.09997527187781151
2	0.693443169115552	0.5002150543291686	0.7224421497148749	0.09997527187781151
3	0.6932980886291209	0.49996382878255574	0.695376590902591	0.10002262360115118
4	0.6932155659442949	0.5005149466047064	0.6965699510253291	0.0999805331804048
5	0.6931983311182544	0.49945611642133814	0.6967635088554928	0.09997527187781151
6	0.693176735445232	0.5005504601636518	0.6926559049709841	0.8998826729521695
7	0.6931733528953412	0.5010686950608532	0.6989066779851516	0.09997527187781151
8	0.693174944285332	0.499902008883651	0.69689555738731	0.0999857944829981
9	0.6931761175590957	0.499560026464178	0.6893576587655236	0.9000299894247817
10	0.6931662680824677	0.5006793612294531	0.6850046045973973	0.9000247281221885
11	0.6931719838544861	0.4999204233216226	0.6845123947070946	0.899856366439203
12	0.6931602843464223	0.5007859019062889	0.6944250358537323	0.18075205059268573
13	0.6931593650829176	0.5009950373089667	0.7056486263534153	0.10189038602177126
14	0.6931665394871136	0.4994771614933057	0.6904230280078582	0.875670158417821
15	0.6931651263388228	0.49998750448851925	0.6959290412605827	0.19447352775600182
16	0.6931636589597469	0.50073328922637	0.6971795080620256	0.1428811945261408
17	0.6931421855716854	0.5014922271342005	0.692816681091668	0.5170282058432026
18	0.6931559291302136	0.500975307553997	0.692619782640166	0.45363477089657855
19	0.6931534483629668	0.5006451629875058	0.6928772802148866	0.4355779803963865
20	0.6931530107444391	0.5018118491647079	0.6952929817745307	0.1505837415227262
